0.23323615	418.3346				
1.01069		399.07224
1.7881439	380.94296
3.1098154	354.88214
4.431487	328.8213
5.675413	311.8251
6.9970846	289.1635
8.241011	272.1673
10.184646	244.97339
11.506317	223.44487
12.672498	208.71483
13.916424	193.98479
15.315841	176.98859
16.482021	163.39163
17.803694	147.52852
19.125364	131.6654
20.524782	118.06844
21.846453	101.07224
23.168125	88.60837
24.489796	71.61217
25.500486	60.28137
27.210884	44.41825
28.688047	31.954372
29.4655		22.889734
30.398445	11.558935
31.642372	1.3612168
32.8863		-8.836502
34.441204	-22.43346
35.996113	-34.89734
37.39553	-49.627377
38.7172		-62.091255
40.4276		-76.82129
41.827015	-87.01901
42.9932		-98.34981
44.392612	-110.81369
45.403305	-118.74525
46.49174	-127.80988
48.046646	-139.14069
49.446064	-151.60457
50.767735	-161.80228
52.167152	-170.86691
53.488823	-181.06464
54.96599	-190.12927
56.365402	-198.06084
57.76482	-209.39163
59.164238	-220.72243
60.408165	-230.92015
61.729836	-237.71863
63.206997	-252.44867
